5920.045040124751
8466.95664331761
17253.590268463395
21324.278305598957
23074.07754783007
15556.367817123864
23184.2878520675
23448.24494930516
8860.204929766938
6950.194159165779
24790.19693133447
21167.26062980802
5405.544445832156
17760.26161216989
987.0673443323986
3643.5655174614817
3142.828139824764
358.1013935991393
6008.4765059141155
5092.067213306805
14345.199871775963
21875.20563470319
7850.677589916023
17433.053710898883
23261.692541900095
12758.146186427492
16988.924363152273
14074.028290857865
7264.81039559479
2532.0863075754014
9938.599530467152
606.5581338548394
6498.127460486646
9468.830082051627
19965.016300158404
23722.94599725324
20417.33462880605
6407.504368707458
5661.413859949509
3450.7336631144594
10476.199600293452
6936.3474354137825
22732.06417592026
19769.32327700489
7622.796208860924
13198.65901888024
18411.39352314023
11232.978222805692
13874.000903161652
13471.333631197715
8029.869605546365
8278.755377335361
7433.056128063734
1253.301798425295
25042.241295185693
7122.762548346633
732.0922369732915
11866.55498526318
19350.261464683495
19997.468703909133
2446.171333420648
16125.71247313462
293.2226311023984
20753.807836304677
19856.966504586744
4067.889006285062
15802.825546042508
1242.5648689724592
16275.080874440731
18331.02546433907
22250.770300372278
21080.32853810979
378.08156361915934
2328.3921083751875
1064.085388303844
11762.626784667265
5651.381997626399
7299.598620890598
14683.811727103828
8975.400945847114
8817.718479892263
13581.165853467934
9963.547045925015
3488.7204999852033
1722.5458604578055
16169.561453462864
17361.170443025763
10926.61792382088
14236.225317237739
14169.733526369822
1389.6161554014868
23988.435518276343
21629.360738837084
21638.019760614894
21535.06705226514
8397.915354906272
24237.18529141935
2203.667299244802
1253.8560248344636
17405.59105516092
22821.461839889842
12187.196624384489
20035.86520881498
13543.754249343849
10476.570758267353
8941.394962130456
1753.8955288951972
19595.114301850484
19880.620177574543
3209.4499486948157
24910.290157775442
14106.052885389425
9058.827333312784
4403.826817825583
7244.716750527544
8078.7658653102335
2836.4619199042913
8603.591373093372
21414.40444182536
18175.6870073726
21564.806231706985
22306.676493943844
13209.882580532212
9386.37069670795
9409.721361324624
6482.140673365369
5439.492533837909
2941.110600048572
17720.363951524385
2451.489213889536
13454.551132977625
9565.31888979509
4924.687493366702
12044.448528100735
2632.573699697244
7523.01686822989
14522.886898929934
1273.3877804761041
19332.668442361537
4092.4235535866687
18330.031282772437
15599.6384643138
1142.219041845063
15889.421744055222
11154.155939667928
15680.377210241291
14748.320147562672
25259.976534422403
23391.468588218144
4933.922555433167
20212.323793114076
16367.356264512056
10543.75832209841
23089.652124102187
9954.572523309782
7067.343392517842
866.3449237487947
22677.90238978192
17853.360115621028
2598.5976665607836
14675.407971427545
12853.729712209877
19153.664974595355
11542.753570212393
20807.7334584321
13041.008523144414
12010.69030199076
18756.67543175649
15154.963014147477
25032.515184682554
7699.348152006142
23492.607268374755
11258.311012594413
25201.059615071856
14815.274890938143
10480.803639014957
22311.4482577964
14843.96316840112
2387.6242610854083
14112.93328582077
15729.18499471779
19086.25792388765
12278.19634685535
7897.600780157123
22771.919835375757
17346.573577089133
893.1738761980273
1396.7462461708535
10183.675045988255
4814.75714099572
18270.042069846957
13722.82844498577
19073.773908403622
6703.423690194364
22590.434551321025
2410.9015246612666
9217.63227162052
8085.2634078313995
16042.975877712473
1929.677871884435
12863.133051781084
25289.130275505744
22545.510978043625
4626.516537754194
25068.836482308874
21254.467930441955
20483.0820231902
7928.446933671631
8245.93811992634
8474.023716412865
11045.811572814444
886.4039501189875
23916.606332592142
9562.139964259482
6723.668783065129
8068.499075255553
15512.686526967631
18703.192386634437
4058.4498564556125
20586.116909735538
21071.547081657634
10057.40642097674
6885.968278307331
11641.46150641728
4013.3960064625517
18348.36038559533
5269.457950056145
13046.92910074232
18401.488184293226
15224.094092197409
19003.969486738035
15732.764247870373
14708.351730377266
14238.133719464702
21264.205577573604
13406.542952974169
20663.100862538962
23143.748630431728
477.32635481803084
3568.1724167716234
18465.04203187141
23033.582632501137
22941.4791636906
21828.011738880872
19574.824042175176
14950.154725238586
19118.743359256296
10028.145934446346
7463.310339586999
22427.48977383441
8561.502785896013
22735.950544303305
5497.609306450721
13029.776276550798
17135.783220475387
1155.3734893112205
25041.11942217707
22522.94341890715
13475.717307561186
16942.651013540035
10691.7334263344
25166.840055919998
3211.949118992372
19426.23263928511
12752.088486789422
18116.802892508356
16869.59960029166
10272.869170302563
8580.312546531677
1192.3433731312923
21070.724879961785
4497.796359051516
10626.72218020917
546.1584841000818
7550.367013111941
4369.755936014795
18653.651525530742
3129.019094228248
15943.043188863048
21027.429335940564
8792.031647560125
20171.533706790844
9650.855368623521
25156.18049426447
21815.91662962074
5493.275553000122
15270.39133220484
17552.613387171943
18310.538134960712
19777.405715445726
9202.293542767835
22569.3952033606
24922.212634111384
23180.14240537154
83.6038208583826
7910.330786328163
3562.161258309815
17099.304500653056
11578.860625848733
23210.519066725694
23723.795633852213
17416.244569835726
2422.7738197171648
18639.549728493635
20690.453413070634
10005.599528055289
17802.650942938228
17922.357918170084
24811.182739898595
2961.2216963155793
19968.201182023837
16555.793029926524
12073.1644374733
7569.732239772907
19149.80905028213
11773.109407266666
9917.727130491498
1442.4811416877435
23801.338029537
18975.28059936294
20060.285425268357
221.95942722400173
7123.6180403585895
15670.815114478208
6796.594436157649
15575.81231870127
16195.882421813498
15639.234697543823
3367.928208939888
10873.500376127515
5038.355070957269
24132.722765825867
20703.3394512874
4957.153936846976
11787.925568825694
20256.863036519608
1625.5263109479922
19002.579700629034
19802.438095093592
20902.94863115013
1434.1882059819086
9929.481530539426
4556.410210213014
377.37105530312687
16513.544459835426
4477.966141114185
2842.8040223095672
7964.776686040603
6121.142385424278
19594.976293963853
24669.025309956894
9966.330067193807
23997.99826725324
17689.069009690906
18346.276464468214
15202.977255271728
7066.903112267119
20808.615563454183
8969.155728898395
8219.64655169259
23541.519125647774
2259.345349745956
18097.71680035459
11428.520068475844
9589.806512959904
14602.59449705715
15560.432321644743
15577.769572917205
21476.71904852294
1540.46007894773
25236.852867550224
2111.992246915771
16107.54211891855
9734.295276701638
1817.2546947109968
13828.645952191284
19982.342360694653
14263.048067993182
18340.67492189149
15909.299142926002
8083.415051118998
1685.40736849052
14838.17323316679
978.0386935388943
18610.58041257548
1295.5079365269291
21799.33785372559
7411.966934920908
10165.498117778632
2028.5833621831025
24526.511989520513
17134.565674503778
9338.236253290044
18289.432576693045
24644.864841886407
1836.6941732103603
1886.2149662181262
21434.68533740075
7538.571347861644
10967.710868225297
22022.432709254557
20951.1259118684
2318.8963339091592
18188.27351678504
18258.603453819345
102.88044094290431
25149.072685416068
13092.763443422255
6228.065748911737
23397.044159775156
2665.1283479864055
19568.88688859025
1814.770903160631
10339.0618836069
12065.474802368639
15255.676298883991
5544.1324301804125
8001.954458952143
24460.724898453514
15735.53156474004
14871.530154674469
20385.10715771794
19177.817303280415
6983.041537826463
18412.314456981407
8908.130970263675
17376.23212839707
127.139756729231
15807.640276331105
6790.76225330865
24598.7600065335
22810.263417893722
20699.853822746543
3157.105347875792
9045.70105603657
6605.137677647015
8164.860780224409
14282.162022597016
19252.118996740166
10850.461895952949
10705.455085073861
24367.601054447816
822.3157072403202
15059.006762770523
2974.104528206991
24050.887903812043
16426.995959779993
19403.057324532594
9244.28992941488
18187.78660022984
18423.952500978336
12672.277997859996
10297.211085255918
22559.418420604263
2923.965731196539
13061.416096841414
15500.568119741776
15918.396562648642
24585.385129503233
11292.246138402807
7508.855676370658
11035.712400383107
18674.64159163811
4535.79701003005
18020.91650766381
15319.128163226736
15847.044321525067
9313.096370042598
24362.207467909782
8759.82735552674
6322.677264555381
11454.984465208887
11774.923654607715
15547.255228132242
2153.916233601168
7428.801448280207
11546.574786737205
13982.66700161438
19347.091533211602
19621.544659533574
21932.69584711631
22411.64829113758
19777.215380917132
4010.29317861088
7533.812001940214
5227.646405826423
3512.6876109273353
15263.041147135944
6223.743979230639
22189.55852939639
13033.570864744752
15978.357807530856
6753.5264827012425
16114.34905539237
798.8007039697646
22437.53771242008
12815.630133266517
4612.004320865345
20307.291610490287
13665.937561773078
9836.183340921438
22737.838448556304
9539.230206086178
22362.36645121951
3363.2186688111115
18984.292145555166
7390.525611894361
17713.27624452895
22312.623543757472
2498.064781139945
24834.659121298842
13922.754157236934
3282.225129872715
13856.056389254145
18608.06926293379
10916.244608841052
19405.818316956265
23964.180421338697
3804.543651033526
4281.943183107378
17971.623783042018
1746.12168086686
19852.967650928418
11648.972807915163
22931.54508982718
9676.01462500233
3993.726294112868
22740.886737075605
25000.503395199226
17976.36867487233
22577.551131563112
1487.7773578912424
11861.805637463116
22150.4387979083
22405.78538863822
19159.56439072896
5734.055221855024
16958.994587351273
9398.696544765124
82.51709302288053
13584.24590622726
18402.876030255124
7905.259239221288
16659.88740278198
6966.453708154002
16077.321263299198
2949.061725898045
15101.829814305442
756.1298829525206
21310.88875265003
18780.113906859497
1486.2976920760525
8324.492959596506
6058.06211726438
15189.535211883816
12988.779904961924
1534.4011856033012
9968.301690364
21614.861700784764
2455.6478236603953
15152.40230605668
15866.282733565939
345.57006863213354
17217.545818497096
23099.70021660603
15495.84845183857
11090.28180550126
23528.733437584935
4707.417929552395
15722.710924788782
1764.77595003741
3735.6169712722226
12340.887128485996
10918.948832384898
22274.3296774699
7284.35576681862
5698.020837840006
20287.876615313446
18050.291916787235
5242.01839640108
17038.70083869333
5587.169500412324
16706.282655486244
23036.323610341136
14227.219978847224
18264.953566150005
24854.94161260157
3040.9373577470624
18039.358092663206
9646.646359412141
2441.110209897936
13769.346232511349
4961.974982639701
20152.29042156254
16108.364692527919
12011.673979394394
23982.018995422255
17861.416882706417
23976.8696149566
16654.181784843357
19985.461271560394
22776.4897981295
72.22479822986091
10927.647601753493
11522.785003555937
22722.505663985823
9366.767679322626
19742.280037112196
2093.459502784391
18190.296484125887
15906.648427136523
15268.036846796955
2606.679028443033
13441.965617761896
19853.016770035956
10971.287382633109
14470.552385685687
15976.362367880152
17098.679820860176
19644.714309007217
20855.868109331877
21878.200125579304
17805.244693674413
24632.775211384847
21834.161415930037
4491.053800591926
11757.262610998036
10346.265087689642
5395.860864861954
2463.4686609100067
2140.8350496916196
21236.154116230904
6587.981640635294
4679.082670569589
21752.048420320178
15682.742130267858
21858.896755284935
21063.778511345565
3616.332942004148
6987.712017686345
5173.2683041024075
16162.761072853089
4555.072380428142
21542.57555978021
9584.136894537565
12978.136043682074
3031.954740361692
17095.301554209604
4455.912076026524
819.9124644621277
12634.593711315621
366.87590629246085
15132.582388255178
21873.356511924492
23565.85610504689
12168.655258646912
3267.778940640378
4582.612686253754
22678.134875973214
18040.889502409944
7776.007778789018
3263.4434009265847
25011.366065576025
6797.500354762702
10448.039898195173
1742.694730772805
10936.992676041775
9547.898968686934
22215.825656553898
7674.338985605839
17020.71921447728
13462.455506206676
5039.842752571491
984.4784480356551
4913.094859291821
17952.421540306987
14969.577083889826
23588.936610565037
899.1375307611698
15685.603710435993
2816.949263911874
22352.694742528758
7880.874552997362
8351.24347329372
14177.149587193451
22361.26749390409
20820.821968236134
7975.232963700234
531.0791277887315
25038.44862588838
23066.15467144319
12375.048644153929
22844.475164139913
16810.210909066995
10046.794942106153
3644.9222695269023
3864.226330891952
4831.258531700641
2414.4965800101386
10835.325636847447
10700.610486719863
21781.491332982605
12528.84525638307
13851.973586834236
11486.870828063205
11732.001002379753
5272.819806236833
21585.89005622944
24140.375609679762
15159.32701131611
22784.239421751518
22754.79494387696
5051.952497646965
1057.2006933747523
14045.601439677055
22690.255723655293
15913.26788079339
24722.410775435477
466.80875010667256
12017.906462343117
3612.573256687356
8822.702401191656
14255.32064549634
14053.348979424441
9874.48648350393
6014.888229480014
18032.090131606452
18211.462551361707
22697.430922307678
24455.269225878223
22227.329483423982
13926.019279555629
2405.732604361547
20699.525612293208
18725.55525649446
3107.5234709049305
2963.2516348102063
13816.328089093084
8126.190013245537
3578.768500993232
24343.587194118656
13853.965767471698
2835.2930365779457
25108.564408234433
21553.198876529703
1622.5991610219594
7149.035178514855
9148.423484425406
4919.6828527749185
4670.804962042053
2944.264833713692
10130.578512351098
13791.930106063746
13957.819141015085
16236.862772525077
16262.24643747667
25119.23418437763
10297.69571192536
16739.906290633357
11153.608517047936
11410.931956594799
251.61928303411486
2890.976654438449
2021.9267496989764
6692.004670722233
7552.661768462178
13994.415479837095
12077.40985921054
4229.462618029813
11713.89915333353
21563.0904345402
825.149571006327
14882.081401325788
17634.735326247923
6861.731205559819
6682.406726085273
10287.726889744323
9170.83802909461
11793.627646324281
21389.14214101652
14685.558500070301
7018.744541988796
5100.783077422459
3654.5778792565807
17705.946367201883
14626.648176269562
16230.881696922845
25288.980914514403
11335.872793022738
8012.395126335485
15237.426542940984
1237.9964817287664
11716.813640528102
6342.151008351159
12048.178585318443
24839.045546043486
12001.67341266827
16035.919000735576
15381.58535311291
10834.207097596505
24433.495316480807
10030.757711818665
1388.912327348861
20988.08316988952
5185.015467121253
25253.075662313626
11428.197152058245
18597.652568567795
1720.738671021755
17149.845104836248
6727.707397538892
12730.193626932027
18666.47486875088
17244.17435479087
4244.860841828852
3167.577922282099
6110.630917028637
19376.390802352696
22324.955549594
5341.985983839471
11323.574935625316
9350.486132712296
7295.7921430684955
21156.700406276268
18074.60070186658
10423.701899461392
24840.013671933306
22713.376896986716
8897.322448660449
6433.658180622649
8271.802398320007
21910.769821494883
5969.997290380167
7932.6931313941195
6253.197290494538
2625.863008372879
17916.899140376805
537.3462057980148
490.16681275921513
5961.7625776822515
17469.921944060523
9386.78227775791
12046.318903767058
20442.78663703241
10701.15673385693
18918.63332020621
22893.53225319606
19705.984748400726
24436.686222181655
15862.64136423598
17057.228416484148
11691.573987249667
22604.139276486407
12043.716635564973
15911.774275036942
2602.641705988751
3063.3392828044753
12756.237070892692
1979.5532640391386
21229.89104397167
13911.86069450504
19675.002427772422
3262.006557655942
13679.09281371099
2671.783952731283
8064.619334105333
7738.805013326832
5355.8887092957375
4214.550034525614
15533.194307269709
18933.098877692108
4352.837332976757
21505.546867716042
6089.920241647751
15186.593239972357
1991.3932015971225
6008.891800426219
6054.733899457873
6120.715707922386
19515.54620414838
1061.0731957671449
20423.79210591859
17986.21691928667
15922.210472216946
21928.948451649296
20978.01278937586
4562.784964227504
639.8985616317876
3208.73392191055
2334.193005527184
19365.98995117762
8178.369926243429
8400.555282314634
20811.254487919647
11250.769139250806
11388.257791025644
9443.269677220942
23072.895989771376
23354.620017978654
6325.767900359824
3839.9556277657357
22017.738469523247
15871.415099926935
24789.643229384288
23932.77818333362
8029.231369937064
9055.744212670164
4553.1204135192875
15144.973995120397
21183.91233285868
24937.835368095733
2856.78413464746
2024.8400772203554
14571.100165131837
13482.595280763568
5737.495517029274
24983.511405513964
15013.213091383524
14032.845501996882
9178.855132821764
4919.292651027288
7693.264034543823
8900.681084309763
16874.001221821556
7367.07474752735
23407.283863896635
11541.979617183686
17872.10489780271
4456.982149763504
7510.387961075383
24326.240232356253
9348.76019255505
23634.905597279074
3823.971138978042
12394.264722003441
3213.580047478004
11293.7304747473
14378.481161545142
16798.438503586356
22549.404145674842
21630.177507355904
8902.620115497726
11910.549296787438
17060.359993493777
6966.983888979574
22327.0166865844
6311.765703277953
18247.346880472676
19101.453449275825
3422.5421765091833
18497.122431686777
6972.074167185939
13453.28706573228
340.1677199114832
10451.63686852011
17996.407073669474
1882.130475543932
8669.978181458202
18645.335243027166
11332.834618509638
11947.14173340729
8707.504194420435
12133.413031374024
2236.795496159418
17065.90037150205
22191.79896032003
19335.015414933605
25064.731506296986
1001.5529083547113
24637.216541216967
17957.011934496717
10478.271779320221
8050.511316941807
20816.395825293173
3876.627261153109
1718.661271912562
22484.07906294903
16947.594296847987
11205.593958026533
10509.64091883844
25249.498917202636
12870.897837688955
16039.810374589975
25049.25789583758
1677.5748827185341
7561.391976309768
21948.608143815483
20468.801637804663
5688.921240850982
23253.63753174159
3219.0496707160255
11753.632541712988
19957.227556861697
15190.111481313532
4893.82006116194
8853.16541706584
16749.3853288396
14368.766249195965
2295.8398910482088
17041.981446939295
