12178.317559005594 0.08021107975700159 0.02004878740116017
4183.567940134296 0.032337994172746264 0.014882854556499625
15753.555306475802 0.09969189168769754 0.03360837148091849
7489.356713025965 0.17599659626373548 0.02871531954365071
10747.771851549958 0.19621962280623034 0.033873824803252656
10497.057463498835 0.22782734797756568 0.025773620061429352
21084.503704270606 0.07676413128923543 0.026917356864635773
12316.995727738213 0.020511178495617715 0.0029524539958539274
18299.685897416697 0.20601136806501189 0.010583124617184522
751.4362468916868 0.045420815056819844 0.005843807446721256
18353.019695340205 0.12761353466188077 0.02874244724723842
22148.561304524348 0.1855106237646797 0.026317878036084093
6460.254318743336 0.14335761278034298 0.0034678594904214745
20312.04236610624 0.24811974924218538 0.0167642452271442
20673.12633432336 0.24384394113150518 0.0017971437677856215
11451.880757245961 0.14385403006061626 0.013028355141775715
5765.823097475001 0.14219991431514106 0.0007066264271595882
2561.304147343296 0.04116655889444442 0.027531401377038724
22724.4200364595 0.1749306913887484 0.029871758345364475
20929.666712979437 0.03162937815937962 0.01666752809245145
24406.26359415565 0.012498626931575328 0.02088045341936088
15658.790009890983 0.101761321085842 0.008861338623698934
8964.354280886257 0.16446791404643338 0.014404192556146455
16825.357832474372 0.018132996730882346 0.033173584529003035
20411.517822227474 0.22085939247298797 0.007819616475479347
8111.618546879977 0.08044486012729074 0.030844834322869864
12739.610371140066 0.20652732949180133 0.013852952622522365
14371.90948191604 0.17370262256465976 0.011317563051673052
2737.9350535428925 0.17669027455766761 0.02449980686705243
6967.934106999212 0.1697962879756802 0.011787636499225294
20486.113046161714 0.14835367153973697 0.007081655188548276
10964.865253130734 0.24690560005739243 0.0031520604963603586
17245.130022777757 0.2599248297533721 0.03019224163457023
13544.293388903421 0.2048050286075838 0.02504903649523035
11680.965010574897 0.2693781239333267 0.031068643491022948
3134.8538931846188 0.20161412584726632 0.008739351040801396
21356.358891827633 0.05528178458695912 0.02982549297335896
10895.22897458349 0.1822215050622297 0.00317576979206902
15692.41098179063 0.020727442457317957 0.00348604373897615
23701.550075419775 0.1847528964025474 0.020031662432753436
15620.4760368148 0.07593348123309011 0.021730802426142413
13644.899465276443 0.06916346664411656 0.005558776658191279
5709.7274505849 0.04533889503539549 0.02898861140027774
3578.312392115187 0.24882196654595537 0.01766598254229414
6578.762800695899 0.16114613411626313 0.0037210869173505455
1168.2417650701102 0.14060874710395008 0.014603497990148134
22932.740225256744 0.07805524854304965 0.01876144118814133
11206.634684222226 0.2550537868909859 0.001909252688307054
8604.512981962267 0.21962187202835345 0.024408808210566034
19006.45923305324 0.18941823921700682 0.010682973865211175
10938.306316884757 0.2499330257134412 0.014758295811120741
2829.6072221350246 0.08585601788352484 0.02135770622640614
11338.278035328347 0.016323052336161686 0.0057187726086630145
10168.96089912674 0.09997647146435762 0.0120292109758315
10007.64348999705 0.02384720759275101 0.0037144332664571012
24145.38098237942 0.20475688976504092 0.02627123967972608
19538.098698556558 0.2679206908953281 0.021911660147697694
1134.2492308574556 0.13194069299146347 0.004373498486595697
6627.014034038014 0.09852668958711991 0.014018908084328284
23453.983255419433 0.07164007061183078 0.0006950835557168368
23344.19801617926 0.21210208898756547 0.013413405643953139
604.9482953380639 0.06312182807405992 0.0025723085380790316
17780.988206637958 0.19303811364772153 0.003197613669441425
15452.406163578295 0.031985991431932266 0.013770325725091632
7745.468057598759 0.12965649510639704 0.011767291098067541
3101.4420297265356 0.08607866382209149 0.012701515304400503
458.0073093725559 0.279147962711893 0.005341042608348603
14691.30631395111 0.17421401326050018 0.01083903956472759
16668.514614208278 0.15464355980571423 0.007326210837561753
3409.806799861458 0.19959763535161779 0.0230780944187636
20672.72625624452 0.021424116436429472 0.03279600402255759
10559.214604147584 0.0797609010494498 0.02678869067896137
5086.246425317498 0.1730334353624849 0.024009848133513537
1923.1504588161156 0.08268961363573869 0.020093247742818808
6852.073621975809 0.052205569862952474 0.024454986222956714
6827.532568491314 0.01764692971404878 0.03026606647042744
440.18383543183967 0.006415949542187272 0.021864243180217683
2417.5175992132745 0.1689057568763931 0.0004872753287087758
21605.116941691886 0.21536979991435753 0.01642801019620411
11459.605066317105 0.23142069644843585 0.006325455646048569
17607.990623491227 0.25141357062083797 0.03186953172675198
16332.108699388285 0.11796638344607056 0.0028154250562469206
10307.166545963693 0.076451274479837 0.00564681372578791
2961.7754564533675 0.17047599062293176 0.004761079139032289
19763.324950222344 0.12357526575582803 0.019084291296399464
19893.918941772903 0.23587205431267322 0.0325973991337557
24410.156880687726 0.1357395600375173 0.004079296803076505
18935.61158411673 0.031464290198478406 0.012729772723612517
4519.474323169757 0.2113681626089083 0.0004848905266166765
22168.084750666432 0.17330881143046145 0.026573796427357195
11921.86220020934 0.0016968724745747815 0.017282207188523673
22243.90874397084 0.09225516884192987 0.028586904116755702
24524.185137587043 0.00402205161156694 0.029749089213735133
22769.25122262549 0.15834415015562947 0.021683259030528815
8056.223941293826 0.2720346890668317 0.006423994134110179
7343.004893011069 0.13330285192303337 0.028593785433115644
5760.668672561613 0.018930376111417072 0.021807378404405532
6000.037145024536 0.006863251917642977 0.02313603355580965
9041.016283703015 0.11708409468291911 0.011287209578303514
1655.9135493408512 0.26941646717506157 0.030553700715223876
16593.573037940358 0.26772582565441755 0.013222223762186599
13809.784474903474 0.1706619164503467 0.017349462581318295
17882.292554300704 0.12206303562239491 0.027566471504064306
18020.722972727825 0.17860888813110404 0.021709310779002407
15404.423062224936 0.25300781905407616 0.030714475221784745
14180.16437842278 0.055748780681573594 0.022065195113414038
3309.7600853265203 0.22226455884263951 0.034229904881039955
12283.678265999064 0.10216918497903969 0.028331601964129784
23687.643159298874 0.25671325675541795 0.02518135646828662
15570.16315042391 0.24805257804998895 0.01732421606909135
1391.528339928619 0.23791905442713787 0.018813298265131468
12159.66607035519 0.04522252646730523 0.027108944441816163
9625.677058513998 0.20532081686325368 0.002489920288830555
11596.981348672844 0.28355131389153565 0.025801150039552353
16012.694357626473 0.12330657264912588 0.0024811755673633342
937.2670654336006 0.2300481652839845 0.017686774289715164
10289.253925097177 0.05623973326205683 0.03378837495809157
14192.616724957445 0.18315749095624267 0.018765636934531874
9427.845557039884 0.08143625741844084 0.008141595934822235
22318.756153842383 0.09307096802623843 0.004336929247944799
3799.739755792853 0.2295099859780784 0.018826916100278996
8836.738791938942 0.2439494081205586 0.012897110209784757
1552.482739675381 0.20209519919683464 0.021928154159464287
16940.51522873552 0.16178919055516222 0.00951298299593704
12613.867837701819 0.09384187264194192 0.013059898653570183
3223.989179334273 0.07520116908542465 0.01974763324461131
9789.031671294337 0.1446786487223266 0.027027390077079768
8024.24850681409 0.011524085756872802 0.030430604598560625
2772.6927377073653 0.045028649574588575 0.0007342431389858824
10418.410946368975 0.2056744413548567 0.02128779018449335
23733.977700385287 0.25675884567027424 0.025857878140621408
4860.040606651328 0.1320291985841028 0.029191916623316504
24021.300268387942 0.2044138911366384 0.028395110869807387
12825.655002818028 0.28465445865418504 0.02819582122594776
24580.516058188106 0.20428396572169694 0.015771941557731244
21032.735691689784 0.246512353750599 0.004957282022996519
18104.74286300472 0.12606273753251387 0.01993913715239073
17487.676677605967 0.01399893077674602 0.017429862122873462
23734.58019487025 0.09320498072448612 0.009214844389429782
12463.179205862918 0.0865548771719705 0.005800826935860424
7149.069049422029 0.22980816722102104 0.0042491361862347955
19453.81938329192 0.15506853420555355 0.013029997868603942
16206.273623035719 0.1286018627312714 0.0021151042290772355
13032.452130786753 0.12920592715211562 0.025085577307768447
995.7340110099414 0.03753414032368498 0.01770666165362025
14502.96135961162 0.14628331284925775 0.03181321886551293
20322.69102147585 0.25548329687018395 0.02127657654094825
6645.933868868148 0.18465123481547446 0.005211227444846597
1394.9695532316414 0.18626510961236076 0.025270705693793003
11642.059796769963 0.22772944860971683 0.0042933692914430355
741.3019941883707 0.11575543714021427 0.006009197720161744
19489.82271424081 0.047873575929722294 0.012052485230205795
12978.789794252187 0.18856056689625056 0.019681344081633897
20858.550209110886 0.2692122011037244 0.031684238099691946
5605.82558384718 0.19389497773859568 0.025707341907229515
1070.39215360408 0.2396570778141974 0.021661132025469904
644.3721402652812 0.21792942818723082 0.026829058592076307
23597.76949835546 0.22898889579465473 0.03083286729515511
3241.5979164183173 0.13968896121304303 0.014310820210518518
9694.514535787941 0.2215619689759605 0.006869931574147419
16467.50456096021 0.017469580142807316 0.0036745346108364683
23317.1715398638 0.28043394265101385 0.030752283702442818
22159.343219298946 0.05392179890803329 0.031177924564917373
19113.965484819368 0.22615706578810454 0.01991256187960216
10802.18397276037 0.10849145628266343 0.010441656031552827
4030.8031033078714 0.21866651630391062 0.02806165812989749
13560.97547174496 0.1957242182480479 0.00165067992664312
5827.867096034899 0.22356219599154165 0.031771759592502544
11305.015406947923 0.27699640037604084 0.020952663742461172
18472.13094824574 0.038777196292047914 0.028622162569281552
1306.7530456141803 0.2183628915581751 0.02665780465284005
20534.350835511254 0.1735303283747483 0.03146832818471465
2058.2696238316325 0.01349745590965088 0.03254015781415075
16416.029096505972 0.1575609222142776 0.028235903300144638
2890.6712892466203 0.13046835895025383 0.03315887395634245
9622.541698058689 0.10838614599510087 0.007953571391711446
19684.826325837992 0.23660748415539032 0.027548969936804266
7601.419684227862 0.22080391391045753 0.020538924508396037
2453.192067325638 0.07782917958859997 0.0026489106295564803
17715.920709081536 0.23253907298694879 0.008648594282256169
16044.787815241716 0.19755916549207392 0.02326485982396463
11739.803106629424 0.25978911727169784 0.004307485810154879
10093.496638441726 0.269068119722164 0.027502474268201682
1754.855347249471 0.020399601599059982 0.011634968385590243
20642.388506673946 0.09297895434738472 0.02676344614599364
13988.624812981898 0.05232859483130679 0.019175400619672336
23761.261491461126 0.11003405293897875 0.0190340268526377
14631.147157789765 0.11058514077435981 0.011062727078811015
17710.031137451573 0.10151132189135692 0.02316330217266161
22711.308970418395 0.10583850912784035 0.025316244152556233
22196.978789923258 0.2625019114109137 0.004368344545441558
13534.98095557403 0.1314609673305895 0.027689773567421454
13057.054392721868 0.1253510551582335 0.013509977739086916
23704.568325553395 0.13141704125813064 0.014437466669457916
8495.000182602935 0.28105369906441724 0.033548277576985815
9981.437788567744 0.262915533170646 0.004759517276100091
10876.576640326157 0.04651648685738669 0.015487050791452244
7814.380038209817 0.21554036973421495 0.027318937534837166
1415.363087776786 0.08825798729338577 0.019538462976209134
18449.810615659528 0.06907971139069206 0.028350736475010505
11862.606227239246 0.08055935841248824 0.03246882814753512
13718.259782550977 0.2211606919848792 0.02947953670574526
17118.026127901194 0.041627191830345855 0.021857797600973908
18346.842255138083 0.07556852757851469 0.00899062934217605
655.0116146341402 0.18203492917428749 0.0052905124600749545
1992.7150600916448 0.21053810687814722 0.009111750412183553
11288.419147096614 0.17364097539798404 0.030112221515329364
3093.5618891650734 0.13606116957536052 0.0010922173313853284
9733.90013309448 0.0251996036633771 0.005260615888567632
14695.391739219556 0.21120421634684364 0.02084520911936217
24276.620452743573 0.15115253335328843 0.0180346569989842
22758.12321328411 0.009658567582092107 0.0002642064117070213
11438.380811678748 0.15878847551964612 0.008365072027667883
11310.943387947651 0.07265978704246123 0.0244566460887642
6374.303839308005 0.22029354540636867 0.01848902848782438
19381.740144838022 0.14814421134361383 0.03203564613618166
8896.409649466521 0.02838045813629303 0.00917530887235585
12538.83592789918 0.019030463584335713 0.03128655244974765
11534.12909430221 0.08740850791379132 0.00331086564555251
22200.37967111917 0.07368760171306851 0.02099001066830897
23280.408498675708 0.1721805846602254 0.02034417354265981
8773.271716914733 0.1892233800581358 0.022144729105169708
11416.265542378922 0.10772382737632953 0.01484437917164806
11744.013278579276 0.1602955456352098 0.010298231929429805
2474.555747952883 0.21467364919188223 0.01793580047041025
1593.3327296150928 0.05472263089233895 0.024693587805883876
22133.56264322839 0.012376833175683466 0.026349681487328507
10100.627307474675 0.08486686705126303 0.019210053129741528
5796.2967550126 0.21467217667931668 0.007573332319040482
13024.356516438786 0.008800364921668856 0.014652473136558718
6570.290163388749 0.04888693155273288 0.011708943450582364
1039.952966530998 0.2472749791449761 0.018257431400375442
9087.812894793202 0.17349281900480923 0.024685747217723247
738.7007809612287 0.26626207030896787 0.022532526077318253
22296.218938022877 0.03920024732741281 0.026502431025127587
3849.3984164720478 0.11707368196638655 0.018397532849915292
2195.154029663073 0.15515850894381358 0.02058716737571493
3544.5611308016896 0.031155865109942234 0.028071404857064393
24663.10337675764 0.13923921297884584 0.005445580598516246
1091.3344013830413 0.23449222546353946 0.034112208396786005
17029.58487229769 0.27989990374556833 0.004064258815409579
24227.059835067714 0.12069226056627469 0.03323230035061773
13177.178486134102 0.00041998061251167634 0.03255579814558813
3505.167172314894 0.025384810536706427 0.021228232274007535
22267.684747256237 0.08935119184218544 0.031693012673548945
23886.537960486832 0.21596068193202553 0.022585168900606814
12481.640694060308 0.07679018437200287 0.01915986591502167
12498.727465372534 0.056275243917042 0.005076114544481252
20216.037430562967 0.0003091196080086227 0.02107570909501917
19475.397035357808 0.09333308174167747 0.023251593631342153
3643.658961133174 0.17495643910202066 0.004524597968010959
7147.167371338616 0.11216060467156957 0.004808356197111888
7913.1813275664035 0.27473610566995005 0.0022262329834677407
11746.077238680155 0.14632338300899606 0.012077358145261957
11730.744273651168 0.03142065382060784 0.0039874035084698604
21645.87918873361 0.006808418596683956 0.005386460948493815
6015.136811211394 0.27933852361583983 0.012985115137906929
13825.001476788835 0.01608222875456189 0.006507855836951717
13586.096297813057 0.053740568227050096 0.01613964096133249
7609.402834082086 0.014799013554463662 0.03092716233560387
8020.497091469949 0.1261370369520739 0.025463780180101054
21174.312474993778 0.12771185625422152 0.03174649211194679
24782.215849345204 0.14733160436280635 0.005300771945644212
17864.659254557682 0.17438387001156147 0.028471932200820588
13291.369516998486 0.25296368435987454 0.00502396005184607
21114.510483261416 0.00643366590109994 0.024578318498931405
12933.458973013723 0.0999289273527383 0.015292377821668797
20167.39425199574 0.21563345288386312 0.01693936964679207
19907.93906367732 0.19116353533268396 0.029878237069097306
9196.994564427692 0.06668647124561156 0.012242786611645039
20493.269845978954 0.07493218413758775 0.009571212546622621
24622.275176543983 0.07152621555278915 0.031614128108025
5339.6272486052185 0.27917855413217524 7.261830148066252e-06
11688.14440381368 0.0638475546786015 0.003725900714683036
22558.755220245635 0.1293420579138365 0.01984019440815018
5418.639416009116 0.007350656075162012 0.026980477946430714
19437.640197878227 0.06567510674924291 0.007501112967908461
1007.0495109322424 0.04596676548051172 0.03389633646369818
10233.512464578493 0.006972847218786884 0.02145729095451951
13104.048533790037 0.15270661666833837 0.011316521207080361
13738.632229392255 0.187934809618594 0.021056187573218088
9273.87352075519 0.02057923640911213 0.03423050310632535
5530.828738750541 0.19868995072949547 0.00980391917060211
1146.5668608500755 0.004349995813131014 0.02071438945337129
9613.115577488554 0.19457104731918642 0.020276842248183245
21839.210185705182 0.2609945628319998 0.024090526391447348
15607.474853393836 0.11164655793752347 0.006209919120577793
13569.279061003355 0.19737411701182042 0.020336013601771244
21533.068895683875 0.20731189328994365 0.024324581092057044
1608.5863770650326 0.26123984054133825 0.028314227927292844
15513.014043651094 0.1701341229202715 0.030412091870807515
21692.213171287243 0.23469958718957215 0.010201870725064573
18762.39439827139 0.09392231756629404 0.03094358644591115
6655.265832123938 0.0033956256182880143 0.01930501392149963
5191.648742579439 0.1154272576500899 0.006766169018420368
11993.707320579482 0.22210202070488613 0.027458251756339282
7263.806079037436 0.06201110287042182 0.006742515630998226
17956.744251320113 0.16352417806330075 0.02943197833127008
16782.75263154085 0.2732029696851158 0.02728995211340077
23088.1872382644 0.2541027441507454 0.031345979964149
18147.78997733826 0.08846738102985757 0.026012426075928654
10109.370089634447 0.07234550646748848 0.006849627377914015
8732.888728216487 0.2196025726596591 0.022492044437544236
23906.26939156744 0.22912847911543557 0.01716735647751031
20351.707402175143 0.16645800357028775 0.004350284449648808
13101.514335370955 0.018460721558097654 0.004631558523012145
20499.968385148037 0.0663941143695929 0.02784942629328225
19328.464016426078 0.05586506894050631 0.00619731114833339
8043.012242822222 0.02126294377803468 0.029808734916291924
560.147255773095 0.06441002307035111 0.03135966336366651
8655.054377987088 0.10188838190081312 0.028231756407326038
21950.867551220523 0.0364934799634194 0.009616190661605
4313.5321819678875 0.08743624590223968 0.017268052208341707
8655.664353643078 0.02097592494700463 0.03236985070207651
16821.879435304414 0.09756323792120526 0.016052219121820064
24792.116279913305 0.13631347575790007 0.031915319003221955
13130.996988048442 0.21962205616722844 0.033208899064716114
15673.392921683728 0.11396520939845659 0.017611359358548757
11399.33658054046 0.2184901293119572 0.008722722203747457
1392.8878282077123 0.07714172511799595 0.019582195110509976
12267.20871986298 0.19738866673293282 0.004886858822548839
1277.6955640083736 0.2358055488039268 0.015269352008825779
7134.2262709499 0.03811171824788569 0.007109658307786765
8613.895347539014 0.03651202133203824 0.02625051984502848
18719.742939262822 0.05032340591688607 0.030078080956071698
6338.67958670172 0.19891588022549733 0.02305915373055849
6432.7129635447345 0.1421628025623333 0.025197496128997174
5210.148948804834 0.2541301238698401 0.005047043861067575
12990.004918585886 0.07316426116497442 0.009783018945400918
1402.2270667143514 0.2843468558748487 0.0017128425059048295
5594.136031723948 0.28140218905338993 0.014600357994318264
6025.531532729066 0.10777026460575677 0.006806217497983852
8975.695253603084 0.18810618323765876 0.006262666322676132
9778.197912530504 0.11649619969227024 0.008410738966007728
17034.05827782901 0.13408158169188508 0.000477342123698048
14287.89220802318 0.20330482142929618 0.00480184172350499
15432.045612453403 0.1414653287509506 0.00039235130465130964
17312.82908606135 0.06768100793498796 0.010142164300172394
2066.064768480048 0.21990807464496057 0.0023136397473542364
1503.0486359277675 0.15873379712016536 0.010314321413366027
509.9548344641905 0.2384111570126952 0.0015291947870940386
13735.63937082894 0.11760298295693078 0.013574936274170946
21004.541085502304 0.0921382469022848 0.011030787799298938
8599.412115082267 0.19499420190143107 0.004287145657686672
22721.710721310876 0.07384849927171012 0.0032808588872451244
5762.595182180642 0.09274453741035477 0.00708706926040702
23797.73121196201 0.2731841544757684 0.01624033002385813
4367.426984373755 0.12867643663269265 0.017983716960653432
18167.474956590537 0.2674906440437737 0.025448314265912843
12503.62872247798 0.05691489259845421 0.03104402613599186
6367.859399069379 0.1727691527211164 0.030513294769952903
14926.288764370911 0.22807993427340897 0.03229968283462447
8196.966410580508 0.24638195640891772 0.015472231862366969
359.484280425438 0.05188185222108004 0.024883167005449333
14598.495090761773 0.1483793814374438 0.031262363981758655
17270.40408458257 0.16078354331077516 0.0035873597460439575
20966.61746322946 0.160328329400817 0.0027211690676494735
15048.875834553504 0.24434107130733873 0.0057709786603944175
23076.964575541802 0.28519927918866295 0.007545843083924961
3047.9195369369745 0.15064591341708425 0.03115041496207313
21666.7192893406 0.13248695323977555 0.02794887021347446
10057.907888684114 0.09476087592066816 0.03235881036368921
4326.836875081426 0.2419723516062765 0.01602763897417571
20248.61998294125 0.0739486060519896 0.0019397223877846267
22122.297322469643 0.0714421158279914 0.027956462443253487
1187.2167126850948 0.27482953765858015 0.030360571227635844
18897.831154536638 0.17866262696368923 0.0069748011516925605
15968.431403365872 0.16528126140024402 0.01752646563719991
24810.484140175955 0.1709423377229263 0.031263188179969245
24395.847838324542 0.2378755591146424 0.009512404810892244
20205.88317331536 0.18049271215070992 0.020856067529018713
14626.930320523825 0.18092705489798974 0.0020923677743945263
13343.3833831638 0.009555312687188518 0.02859381403041511
22558.596942078046 0.1534991827636264 0.028373502211954112
10748.474856087203 0.11994203383052748 0.021526308017062033
9499.523301683703 0.1464453305255913 0.03149309690890944
14911.293555113081 0.053208321305147833 0.02940752217736289
15852.344982950894 0.06096946321632019 0.010027252586459229
22279.463885704117 0.048111082571051636 0.030072361049033543
13284.994719368653 0.1281833977911507 0.01480407896547425
17879.114521011965 0.25578939072492524 0.011856917299207964
23173.46329984885 0.01761660771256114 0.006961415848431931
16439.613453525923 0.17620038019591944 0.009377375117585879
24457.84070871454 0.26506624828038067 0.022014471773092764
24366.20579450737 0.18382405436367727 0.033929475742426475
5759.244469126534 0.002534585270790622 0.026499992527753823
23494.53941056748 0.18499277402883021 0.011481765407109615
16559.849570619615 0.1066310242555263 0.009253897363552928
13880.709351766409 0.04497594478338327 0.011133061463571743
6977.563677835049 0.07707883768792653 0.03383426216817801
3602.5178094336743 0.21109906325893998 0.027761589524899776
12861.619078375717 0.07868201406986733 0.009364258278577767
12156.565143772841 0.26649964979841295 0.0016592034476749277
24432.752856329258 0.26535981178343515 0.007747282897273444
4936.445501206285 0.03407676865753426 0.01916392806379007
1784.6670170000739 0.11571001860234455 0.006708867426279357
7383.82373945241 0.17834258139830683 0.02285076696824182
9429.739782649858 0.1911884392061019 0.028467652745570476
13048.231407616535 0.15505447137796757 0.031123184878762696
18591.528517040115 0.12271005307003156 0.03425594049093815
18625.88854603461 0.15858245711397062 0.012438024797022646
8554.845415928603 0.20967437582230358 0.030699457668518355
16220.367987260506 0.13196042266858074 0.003954402906694987
22424.554953024704 0.01452312749557915 0.020507340098965297
14173.372906767196 0.02626810623316437 0.007577910196427198
1925.7828922660885 0.019371745071037904 0.0017533572631355226
8473.937064706397 0.21273997406602901 0.0047644573570778705
3040.434868905748 0.15482105308922006 0.019547690597647396
22224.050404540638 0.24565955172873946 0.009480885447234848
16948.45296191118 0.01200772965618889 0.03370100771925731
2691.6731571038863 0.27707841650182086 0.017248681218565518
16166.107481121982 0.22481334430587738 0.012065088602669673
10551.910393644435 0.0710181988817049 0.004498493578543708
11317.993193616467 0.05911212842605893 0.0037688812757789803
21110.911845337563 0.19263519882005958 0.02235853021451035
7599.4389140942785 0.23043960756150228 0.0015314863647293573
12142.46455007197 0.09073986269486581 0.003936284625876048
16514.13375014893 0.08118428690126195 0.03053729395307692
3173.7913602094104 0.2754872648453762 0.027232977324179997
2877.9546330334574 0.08293441048144137 0.009456858155145114
6316.588942847572 0.16600104324703377 0.013674190906215626
3224.364193630091 0.16324680046342 0.03280561661905547
5728.622743108819 0.17460145741547484 0.00807779326796032
13366.610156340708 0.11781634539735605 0.008188948921282229
8121.491890524658 0.026944179289617277 0.016084971512467273
2928.6322651842215 0.22923869408885547 0.03206381209067416
7158.554964614112 0.2754606709753293 0.031033974646515652
9833.786677491018 0.022376949934473738 0.010226425131091642
5894.251925281329 0.10496451661163111 0.013497584611241774
960.0617690720234 0.2733693845145924 0.03084377614946958
7456.196443361293 0.07414002095249526 0.02101532422272762
11693.308148020353 0.14614888036265478 0.03284581698891121
1888.4612641827323 0.007630548764561586 0.0011380660739793117
24437.570917577767 0.23819619290973532 0.029650413141938732
13408.679893576491 0.25677111790182056 0.017842500980749895
9222.785191087318 0.06176026729245862 0.023085268348781628
21830.0561316277 0.24421531478988556 0.015922376123960934
4927.400742661476 0.12926564418916997 0.006531902812349642
11161.978573918472 0.15997896477799695 0.018286202086670564
14975.929150292439 0.2721992397454221 0.02590283999170477
12667.05640760737 0.26562094215853266 0.018242286821822024
14497.720148189132 0.011644658048187512 0.03339160944589346
6126.743309886941 0.1018675689746892 0.031513542984953694
18966.32855962976 0.17394111738312693 0.0020641339375089265
9395.29061219746 0.1498750777183416 4.3781307255811376e-05
5971.95337501711 0.0463565398807317 0.02832182947134525
20581.20483564328 0.1835951787074413 0.013531958658370834
10185.928830304718 0.1365355023040244 1.476243136818962e-05
613.078365625112 0.19871615968784873 0.007942378113394263
8448.752651290004 0.1881246299691856 0.021389601385523982
20292.15205766003 0.16534829770652607 0.012824244582404894
9188.47161583444 0.09721993656953241 0.019537427766741493
9098.928237666616 0.017611960848837024 0.029468458876623322
15128.591532360106 0.005531645524006735 0.015457198003746807
22500.112588041782 0.12824645483545874 0.025682020730019604
16557.217703086004 0.08220402160286953 0.011411717495134269
21087.588196886645 0.0306449772778927 0.03344911455963192
7914.655463886091 0.03034794716521635 0.025476217176633256
12966.266686883573 0.08677278970985533 0.027857087045722515
20157.00239105617 0.2204351465248276 0.016179445220352234
6822.905645574453 0.2694783807228086 0.006996720594221527
21567.98694702905 0.0526409899559394 0.025486045121444874
21081.473336701714 0.11533745091454606 0.03271223714834741
16418.34041628034 0.2524968019509164 0.023457794558060775
3919.979804146516 0.0898660960972163 0.010814925783772104
1487.6318090685113 0.28553692763543403 0.0334436661712386
21618.18364449369 0.2108223946825909 0.020381666901511785
13974.2451140253 0.26736129921028584 0.013461309316467052
4918.221840373598 0.08689167641442005 0.01917448972976413
9833.099355259168 0.19371701641369468 0.015693098929922485
20481.295715551118 0.158975170416104 0.009523534013862241
8553.958917378748 0.1965994530689891 0.01847770781058106
19972.872168222137 0.11463260928047754 0.031135185058463404
6716.853924386562 0.20617953530872726 0.023090484643954162
12942.508161314212 0.042895879734671606 0.02706824501826315
11787.471490168457 0.13836240789309281 0.014200049731777777
16079.067656820493 0.26683199466204804 0.010355305635140451
13913.917823999007 0.26306246546156226 0.021067020297452853
885.7928199170924 0.12058275954954821 0.03053709792425835
12151.084573945911 0.0223457607841387 0.006726189041782646
21381.239782097127 0.2423157308828546 0.013947919071316931
19723.44626515044 0.22981756555032334 0.0036262349139014835
20133.64603301897 0.07179452362015157 0.014639744995210563
9665.911383869307 0.18988964965565647 0.03137456260599779
4047.873312582295 0.02674850511003917 0.022555950661448835
20681.677823150752 0.18075247989329404 0.0040650174172521545
22436.38064803799 0.18832712060375523 0.023256772314865077
3000.696825508598 0.18196143551487937 0.005713575196671098
24538.853172682695 0.23364922908154168 0.009780532384912366
17015.37504089256 0.12961168634912082 0.02530197253551372
23745.119912477556 0.2860200415788466 0.022403851027963714
8404.280156464323 0.05932285152025017 0.015357594273755925
2551.9472531802803 0.1734208337530459 0.02311984737085837
20850.80372737018 0.2674038086316779 0.020581225812483252
2989.46489528824 0.07716414417080825 0.005022886185095589
11609.61841433395 0.1763722608151539 0.017543500644374176
868.9239957313766 0.13620142384989856 0.021249574377888256
14174.692017222369 0.20687832688769991 0.02140684379338337
24252.012660171556 0.21418984810631297 0.028558941997579693
20207.854142695116 0.01422164330663969 0.03340521487129975
13723.456037633547 0.10926237999911126 0.00798277089047824
742.2139908091056 0.04953918383268974 0.021388664254565256
4738.945818485999 0.24700164262899657 0.015579383170936068
15238.053559341213 0.2589075091468435 0.01837074572815194
14190.847142385217 0.1703987683233259 0.0329259305815581
7186.240733641711 0.2360620203704095 0.015222395249977492
13017.253665321196 0.13603331114030418 0.012518787696433931
23278.41165097976 0.08798666997232613 0.019283421347900384
4521.19003954296 0.07979677697418758 0.03336315577559569
23645.738606525712 0.004248618804740388 0.014133325043654908
9796.987679247823 0.07011175407568997 0.027909478046018024
7953.687621904123 0.26883265086016006 0.034001202935968616
16198.64974793597 0.04631527911765562 0.029585148888565956
14161.379137790604 0.19196142895340776 0.019389572340671544
15987.658229266845 0.08111597609273258 0.028178303031882936
13202.854312844122 0.15610063237843042 0.011320831455009613
18795.550052087816 0.2241155139268264 0.014089069093726722
1647.8723701695246 0.25696407129208415 0.0242493090770277
19765.081082869954 0.1262235975560094 0.020988351241483637
18318.035272238103 0.00836283904876367 0.0002185056716965509
4892.582274739727 0.18940898042202262 0.018141630924381372
9090.541577994301 0.08794046667440805 0.01862616431592008
14057.11774496797 0.044798735736969054 0.003623155563405005
17562.411220853704 0.28424063611405764 0.001045198896639125
16644.919631076405 0.27184696033665817 0.026677441377848974
17744.405174230353 0.26051429936538256 0.021435493849034946
7852.6503347622665 0.03876796032806225 0.015030942578982439
5280.956841728586 0.20863603101567496 0.031749316283862836
18427.947258633183 0.133731823496822 0.021028306768796693
22758.563555393594 0.16756078676084385 0.01576721129558493
12638.302181900128 0.28627486699816984 0.01086631152573705
4936.3726811799215 0.10289083440839364 0.011653002585702961
23919.997638880926 0.18317449685788034 0.013458193079259115
21896.431550607234 0.24745473379019203 0.015375301383940118
4890.3093295996 0.05617384085083644 0.007912940340271627
3085.346294016248 0.11248088597596367 0.015527638528495138
1384.637309197233 0.21962371633750122 0.0021102960233274413
20771.17873979678 0.019997606304990558 0.03164162748860951
22541.93025175585 0.0067105879891329176 0.022617543205907437
19058.734810119087 0.04541792993986662 0.01770054842011608
22737.55357867022 0.11683929199670132 0.022887792780558497
775.406492776226 0.12311911685765486 0.017567929285419757
24801.100913615297 0.18181801291178074 0.004632079340903142
14940.599218302152 0.09540627311254657 0.0064166451753644195
15562.260483430855 0.08539911780999665 0.025876742142560454
9651.259934411453 0.0318726075609534 0.017372093820920052
4478.929315958213 0.012193978222606879 0.0054409916142864985
23510.023627888437 0.13685504451076416 0.025505908066496264
21593.361903181387 0.030216509151840504 0.00924955687877807
17742.951654182725 0.21090242932482833 0.024552108787256673
13959.678635733797 0.2793549772397673 0.006379759727539761
15515.533662753756 0.09197586540054956 0.0003591073693478191
18476.052523941566 0.2536671154513515 0.012301927580723413
6307.9948442258465 0.06128921804880664 0.005298309347599758
21918.666988730252 0.15599787451109126 0.00014552670358552254
279.8021550008088 0.1537065475779232 0.003876109279145039
21188.962308378905 0.14064551442414902 0.03264124476953867
12601.51512816592 0.024270223610314372 0.0313508789934863
11109.927954016879 0.0643414827189923 0.013589059112354286
5388.862669988332 0.003964587582238253 0.016393203122232212
20078.989439923156 0.23143082599412168 0.002006901562698592
14829.406034797184 0.2556479604741909 0.03108046867497715
11352.55090388525 0.14927481810049756 0.0059002257472089556
22684.308715589697 0.17504327436001418 0.021045194152488195
16670.64214141298 0.12537994837959182 0.015785744253756822
7729.058512253557 0.22722999807819286 0.018272846993547018
12381.997153059961 0.05156860855041925 0.0032454284987497935
20452.284617986683 0.1909685971777182 0.00669692864055119
23338.54491784077 0.06476372951432707 0.02618443281792469
12781.438687803779 0.2223932462263363 0.0219354430551597
16987.564654353857 0.21989658630252967 0.003952451949481427
7282.672441556649 0.2849702015543217 0.013542838888479188
17013.817307196987 0.17155452908541097 0.03299449756515392
16020.543526585272 0.15395523520788515 0.009421894544477867
16457.744253038807 0.046478132222624265 0.019941444557507453
17220.988302924754 0.11901761980725462 0.0337549025843163
23371.276520994328 0.1678826090054941 0.02572900015583349
7118.589791903103 0.025466467527133663 0.015686568201551492
8019.248529423309 0.1534484798948788 0.023580217396912295
9367.847329209646 0.13192738748503283 0.022527133078795253
22728.575164165304 0.1966962558585326 0.02207167098683888
15945.071953336808 0.2636971428188726 0.023685055095940526
13617.563355341188 0.2859971520254172 0.015516161743687735
11651.595229040919 0.22800960804204273 0.004170822015773432
8708.220443881384 0.16524493145921357 0.014031743416082355
7020.365751231647 0.28054975690812123 0.00804138175762789
21361.848327380198 0.22328439774531142 0.004714096766672313
8550.848744203013 0.23335743038566634 0.02939699266422805
22680.398103780066 0.17246979981150637 0.014618209307753195
3881.890633609874 0.23827889152773382 0.008112735685289384
9825.371523168486 0.1375760240186505 0.005057740688753639
23798.244974804908 0.15956249464207445 0.011957424827653596
9464.129382604193 0.2181753098436857 0.01521433061196291
23670.938302388968 0.1982212483926446 0.027585589340695493
3379.755633315068 0.14875229620161395 0.024901132112210785
9745.142459024737 0.12756885664645312 0.014501574461508335
19335.5771928711 0.08988099314814631 0.03256555626759018
1640.9454286249781 0.21499119424833332 0.020259748650400054
23012.939411706793 0.13174100208856737 0.014059193831389342
21851.48872815028 0.11677040578347953 0.016961740908247577
19360.67906103542 0.21196471538830836 0.017649598588702516
1841.4398476424992 0.03034861845814351 0.012704057330666409
24794.20240214016 0.1644974635997803 0.016662583402233495
13123.229660931287 0.15876312502129303 0.004615824539128255
22335.0431530147 0.2645495692762394 0.004288013422890521
3790.7427493177556 0.2312928104358328 0.018416423467419698
3237.9641794998106 0.12470966722796832 0.025837006497217006
5715.607521296526 0.14993663356733922 0.004071111070308382
2639.732360843904 0.1428776285805263 0.025263741638680618
6032.921873015483 0.2809903531262982 0.021551084357077522
6091.570862094412 0.2669128164178352 0.03132576969038263
119.86407995924925 0.21783946713025804 0.027594790097755548
17430.468191051077 0.10742032171241006 0.017106700627832396
4914.832135495778 0.12149838837863794 0.024093116275658067
6976.05095326999 0.23227463927844608 0.02443178005743356
1182.358961220278 0.10578735169348438 0.029448993378598007
24290.532212127448 0.22189646893343037 0.014788127582758633
16426.393689675322 0.1273148767135678 0.00923007005230502
21567.326348899594 0.1181896854248773 0.019176496362820386
5273.261317165662 0.28699828079428014 0.026119255842242405
5308.3193239012035 0.24135022752685156 0.02371769396986818
2771.6680656080307 0.14573462242023555 0.030049000070216044
21713.858773025262 0.040175497811435486 0.03086931081915516
17848.370807738913 0.015178582339674356 0.010946508626514133
22536.542538389076 0.19522885338402243 0.015714819727797064
10356.368665884915 0.2708339741605864 0.005141997061996602
6307.702732635692 0.20769906645575603 0.029036638972017303
22207.400357335522 0.17364854630111182 0.029661727543419565
18245.947238265482 0.18310992839122409 0.0025454345906032664
2528.8108733860627 0.14342969477315634 0.005183509311593648
21899.867076271436 0.23685987994312271 0.016603700894485922
16703.796162259994 0.14431754537030547 0.012325482117290275
18545.540689990765 0.04120081791106953 0.013810478679676646
9472.989509978444 0.10716681680074229 0.023837575468708284
22700.361764723548 0.012659376166272407 0.010409107888352111
7252.2085527155605 0.22683586769695763 0.002807944529470854
20430.14500002567 0.011480956200507817 0.022415004821660253
4320.272298290659 0.020533713657713275 0.03184534794683424
19361.021282081565 0.12785505266722486 0.03252037723281764
1933.631314848523 0.13439675735087717 0.002941231694706921
24119.974888491095 0.1915281297797311 0.009874065790701872
24737.543291664984 0.26035768010857296 0.010462330701223908
7071.175883051711 0.19228747307172528 0.0011734882639193903
13543.409661999933 0.07967264511621044 0.007547950057008791
13271.976458569276 0.1666844215480746 0.018799008054455016
10810.989831539246 0.09758689639540194 0.019246044857348397
20803.36676532071 0.16308457973335755 0.00637375791252533
19705.74844609825 0.09265268714776254 0.0036009575614126743
19994.879411275717 0.11980741089052262 0.018906199835851355
208.5566451148846 0.02019779537909301 0.005406156680753
3144.2881441136283 0.22860395302876735 0.0027956562349939463
4579.669156609212 0.06287687469872962 0.02810145458345984
23244.823020903495 0.0177288521662484 0.01155025002607817
6424.109725504903 0.11306790457512439 0.03045435486684439
7370.321589062997 0.21797266823091235 0.024232524318007355
14596.360149179889 0.05517139752994963 0.034255759245134
10814.743781622055 0.09811075665247217 0.012509494329625904
9369.813625487279 0.19764378786677564 0.022065582678310474
13600.558357731596 0.09723984314923746 0.010298160378275243
9864.730351173177 0.19791930484686932 0.013955188357174145
20785.866285371652 0.2300451269335018 0.028484961316905682
3337.110886709562 0.07760085817011124 0.031557189971211465
5149.129227689212 0.07059183918537773 0.003562274220407682
11266.94135375101 0.03208054383626795 0.018365255833025857
6397.796837366564 0.007805668539009556 0.009377308557230953
20279.206414995966 0.13845783784578874 0.026125502421611276
1455.4377154746091 0.28599201974012384 0.015561141115091206
20557.06216279318 0.14183511908373836 0.002837684509322344
14499.5069665657 0.0781793691320172 0.0058641276518247
21797.816185956126 0.01670344550526171 0.010264147062086672
2701.5277726272157 0.1591506779142363 0.025076407356966035
22435.96678407042 0.03891155145427367 0.004585362355605032
11518.99406448173 0.15301346099778035 0.0011329890489564312
15619.707656427147 0.07446919635129427 0.03172615481983258
18819.260545375153 0.21469331572058528 0.002958070849826693
10095.417451794521 0.016855280229224445 0.012031227393257819
4975.67105673153 0.14847449677158 0.00716718061387511
16787.07968387525 0.2634736778027519 0.02241867020613817
20342.612853593688 0.20762816889700278 0.03045440961544232
13342.941841440663 0.021256777419123702 0.004828851423005938
14260.093873245538 0.09046268411909698 0.022807677851672713
15535.227682443274 0.015990424548919233 0.029406963468610374
8660.907046018183 0.15393075043180818 0.021069849082280986
17609.719667466157 0.23342228290202505 0.017525084180676213
18923.663243077615 0.1037970208063068 0.023482284936197827
21795.901366024493 0.158872300383331 0.018188260431445388
7224.111019068634 0.16792473223484716 0.009038031260141058
18208.72221969203 0.16798958483573104 0.020575067634853998
7283.40927229194 0.05763292314149308 0.017021420662667458
9403.946574065041 0.28705782325815693 0.0278847592544522
18331.819562935925 0.1648217329840827 0.018132548381851278
3421.2368704327214 0.20323889983775295 0.019087391949811135
2744.2714127100794 0.19494404336155732 0.03265608056589762
20267.655977737988 0.09897564985339252 0.015229722899466088
1901.4273507947976 0.1347770223957926 0.015668743000337555
23525.760094154048 0.2714257350533531 0.022168118427238783
7436.189253981211 0.025549950047287544 0.012375111208591751
12258.9954831374 0.1693671664444826 0.012532780512775768
11167.964163664328 0.2818588352081758 0.024680145691501267
24636.706473860566 0.17645751160886186 0.01654167024694093
5693.388609834102 0.28284316540164706 0.024911828814012327
23105.542267111734 0.13816525131838406 0.022926709802624366
16791.24657402468 0.22462484832561666 0.012267281815261948
4739.827139883466 0.1289690646898874 0.0012977895156946328
18838.957798768286 0.13606936603653605 0.025828862204871364
17101.64278468025 0.1644603400130372 0.015104645112631043
9793.053424013613 0.1188125630601668 0.014255490461123423
16908.95772686701 0.06570548690858696 0.029016926712041962
4794.111393652453 0.14088071626094226 0.015386104851486754
3163.517779149201 0.2713860384180236 0.0011598237331300267
7900.184956950981 0.13634892342119911 0.02223709001769109
15308.984733625544 0.006941705014122775 0.026480674855539222
22644.534557953484 0.2768475989460034 0.008078738277265983
12780.340365767763 0.2699529287293076 0.017911761494285836
1527.179434809812 0.26100335089804694 0.0268596142331995
1631.7664009063185 0.23692217811333313 0.0007094261164297722
17124.68423369181 0.18765394266536228 0.005694260544445715
4589.244267280738 0.0598431237375066 0.01630191746848203
11324.561530623394 0.22922246935350474 0.018913928709058718
3174.1029323851153 0.024674418397418362 0.00035362435767637607
17869.09459148544 0.09004136657572273 0.0018717447357219311
18371.45853837283 0.19716571686289278 0.027647701225800292
14921.037244448824 0.27090900156887693 0.028194370032550615
19351.911839688302 0.15231596221625807 0.00742799176550987
17410.83287028848 0.259138115824461 0.0038927903757653183
13923.13427690819 0.02896167242824247 0.020297334362635262
14153.165121126516 0.22546227292762058 0.034167078598188454
6527.19649655409 0.05436020598727305 0.029423661521107345
16062.123739361386 0.016639775244266235 0.013976669643974192
15706.900524769508 0.2624524688627143 0.00745503400804398
1280.199719342405 0.11625563408889283 0.02782419919225008
20742.14420396957 0.23867987557250775 0.025402036298653154
23860.57992466423 0.01086586587422604 0.011741018022124391
19716.06330646524 0.11253773347517297 0.002440714949910706
21424.66465414153 0.04697476636963163 0.032039554467847134
24647.279710965042 0.09955128582250784 0.0002842526075664173
11992.058476076672 0.2072567096507326 0.013117900920469858
9682.434545985334 0.053942178153827444 0.013706185891396178
18667.860847625554 0.10978520450708258 0.0008585574378789972
2870.858046670806 0.15902409243670132 0.02337803313414601
4264.535133425255 0.13619386470946507 0.014397124166606504
4632.355154062052 0.11118653532394152 0.025876721170284243
16.76510630537055 0.022926739682684806 0.032238631215871304
6489.376306639276 0.1098108237763261 0.005490497892586666
22895.587796384258 0.16539242960076392 0.013000695210932268
11481.810831415038 0.26635764521544886 0.0030760483317927674
15083.842293816968 0.23251027153848078 0.007607399723865555
24374.96077240773 0.14514109161943534 0.03296969219675809
18981.36627658958 0.28557772886689775 0.028963520197345657
6961.299740089157 0.21941008168220863 0.03375392342557271
21841.94838690998 0.21757175951334004 0.012232187578813334
8536.254765135172 0.10065754819767297 0.02413857744342774
2986.962831470809 0.23473854116002196 0.013335748614165307
1123.1209032602565 0.04357001841900169 0.010868421313198437
17246.80853071857 0.17108506207516005 0.01008398758765213
11704.046291166545 0.2345046319024791 0.02124989566751788
582.7741388470538 0.12649048808244268 0.0036308683472385693
3972.126022046199 0.2548450302553495 0.016426827293358214
11604.687233155568 0.044825336652551666 0.011787294375343958
18286.372429337927 0.028608841373627923 0.011863066844570258
16576.837492013594 0.060788043858563005 0.03232365113906217
24315.303853844005 0.2594453186987678 0.0007157556248655353
12707.12297360536 0.2018485546638004 0.028402044363164045
16519.739661549444 0.03626360800006235 0.015154418123106066
17266.03018760937 0.09296853658529924 0.007575218125832339
17906.447078534893 0.050641250076726964 0.024204104942727175
18646.52632912628 0.08212357874020906 0.0322789968663427
11160.26045809379 0.15260341044106565 0.004082724252254563
11472.646266677793 0.14469184654739164 0.03155428464490186
10244.856309141007 0.1250040029166923 0.0035360375580214334
16537.75195549772 0.06850998075885593 0.0007351064479526247
23419.45025986903 0.2854885263009049 0.02711480820522827
9094.433137752543 0.03368926165794092 0.0030204665829031913
23757.691772117516 0.21287885844338425 0.004973038455125996
10852.02659140958 0.17117179857547227 0.03238843394688001
18371.372517111908 0.08598587671477398 0.025910456038670135
10962.342608929925 0.14454905851368827 0.02974171985005825
21711.156760657726 0.18437375464396577 0.001393969895649462
15398.472594183617 0.03493774459669614 0.027807065107603307
13468.881820175035 0.07916469772627142 0.028856092471671455
22149.449993603965 0.24564165412913166 0.027317729436083606
5419.442259486805 0.23516026080457306 0.019844295788243472
24494.362019954962 0.2377900846235661 0.03071100892201228
22794.238111475395 0.163733249838359 0.020621267864286176
2663.976594659524 0.2704679257932318 0.01104287909290461
14629.424602536903 0.1406251755460461 0.02865527953715301
15922.773773251149 0.1297856767746326 0.01401557630002565
3096.3192863030927 0.0595886655495748 0.029872344300589333
5365.373576764826 0.14845384009495063 0.025689047268944075
2403.9792432534423 0.22519729843465597 0.025783289994526715
6854.685610249034 0.05981547028326984 0.014162421287235539
11823.0978862591 0.2662772061911539 0.032832610977384616
20944.582947824885 0.01493356942740455 0.017019192052252913
8575.833559806973 0.1508324287613108 0.030688783564764364
11622.803851435387 0.08408553169840266 0.019603795603871987
11545.580726544245 0.26368095009512366 0.01375989898342159
10311.19842286333 0.04378792307774382 0.03315804413407603
18127.207268884613 0.14361359450772562 0.02209914329958734
8503.888207973021 0.2829279169614756 0.03375637384578009
11126.217378396 0.18295915748156913 0.012412313166354508
684.8894048105246 0.19066915600295486 0.008158550744843862
4325.602071511271 0.21397092164430795 0.015565303373178891
14988.720873958844 0.2630536630683643 0.025288701796658937
6648.481588600589 0.19733428544717224 0.012383106341432915
23682.35745556182 0.09205831124056227 0.010035008997461185
8808.776996449084 0.2216458260249968 0.029216228419621966
15029.812629750628 0.16836408668430314 0.000542743466415407
22370.850474474344 0.18261552323027974 0.010052208141405913
14322.437918325479 0.07697474989531852 0.01598979311327301
13710.441419718518 0.2155495314312134 0.003531736146299562
3999.6707418164406 0.12328775770265307 0.03192609710638424
1079.8836985114292 0.15909514374005865 0.03221727557233529
12042.263996724776 0.07676697440078627 0.004056216537127776
19537.89134506302 0.005389253808913251 0.017672358019894734
7004.970427145961 0.07440854014589031 0.02174469432926231
11137.613658916669 0.232115582093563 0.0016078302540498113
12863.551757750087 0.047946743508442996 0.03322618376844946
7518.654370500489 0.1694070489342435 0.0008011143690619054
18444.51115793344 0.006053211345253764 0.02354279948756347
22316.51055877943 0.25203725406979965 0.0013229397526703932
10175.14942554268 0.12475460473065265 0.016067371179143995
12084.801175198158 0.21846935476434964 0.01775154418851709
2538.8707542219972 0.0891481067331305 0.005141744140087327
23437.318626223187 0.21454671405819878 0.03302916448013696
15318.809743857739 0.16455418860209295 0.029810190804870077
16341.98469771245 0.12857536024082825 0.0029181774577805137
2625.115292043683 0.12873975862749473 0.01217334305176019
16795.71627589975 0.23575855328785977 0.0011739437931429244
23691.64970644195 0.27234128191616086 0.012116032089204795
1768.5134421276261 0.06695212955005383 0.01942519232175005
11108.062933461979 0.24859394023821885 0.007869398761241835
1687.558284483162 0.24729342479201374 0.006312703339014736
5355.676088850555 0.1519116412533566 0.03166290754253666
13928.551629167074 0.14828878080734192 0.025719924404594988
13809.219329645093 0.20931083019762226 0.00022923743972160513
600.1570296283026 0.10841604337011895 0.009354518928555997
20652.005653499025 0.04746405284139977 0.03167053174636653
13179.718703623634 0.08229704636978294 0.033824025635169425
22420.14730102587 0.2289687041319928 0.01950289180275746
15109.507582407465 0.24444792573772747 0.009170033899512854
14708.782512087662 0.13705844840058914 0.0035702382383392883
8460.381482316423 0.14608538402855564 0.03292777493573933
16874.07918122814 0.1317045028241044 0.0113006702589221
15684.66873803597 0.151345983865064 0.023391757868289148
15850.149701570484 0.18115285529572692 0.021730743794113085
2840.429605456075 0.11941085897522566 0.022646342091928614
22872.974811868356 0.07957526723794774 0.013016547092459542
2975.404009798106 0.16230567709992966 0.011685457529696037
23168.95279091975 0.23683170587020894 0.012993601356640029
12877.917700415835 0.09161082614337959 0.03272752562725513
17583.710722593965 0.03455715209783657 0.028341352984578287
10948.067359057755 0.13822585549467398 0.01040985906344457
16244.829777879828 0.16023803455576424 0.011036638780926492
22204.527448997484 0.0471762766561586 0.03112960688225365
18706.0603595888 0.10858428703190352 0.01825294421493266
10767.541201593463 0.09347423162007633 0.0116553409635791
8255.95515516292 0.07692090590530454 0.0016829515838596967
2599.949268779669 0.087857912269765 0.025559832209830192
22602.069255135946 0.2867151842029687 0.024261285365942076
9630.43179575442 0.1809540742537802 0.00838406784964627
5374.299761744163 0.08173081331913727 0.014474143451979152
3600.994512950286 0.27980839991778456 0.02493983231642367
22116.410975991414 0.08289630121876397 0.023199715173582873
4897.464776390895 0.1715748894798555 0.02258472920862443
20374.343822088056 0.06692477602140325 0.01240020389297184
4817.0297892048575 0.0756740897873053 0.018688367809162346
24080.48027168366 0.06067163402991018 0.019320158086672243
15733.178514770629 0.10870562755692727 0.00385976039457503
9914.961472021987 0.1043802620506111 0.0010097474915466296
9180.659372720755 0.20458063601186674 0.0057395725313916495
20529.368990137802 0.037639216219934886 0.016671836276262432
9167.943377603344 0.2489541717018196 0.01373786032602596
3841.3004427684655 0.21657379096627583 0.024686582417796383
22944.841837985005 0.06502100299069971 0.0247694497006608
18972.37186325777 0.08900288212538018 0.012772600433966141
8157.0333693629 0.0028198119636328486 0.020601043902907103
2486.235289696965 0.006420578929617829 0.02015550659290009
1621.1176284170806 0.2080195476637956 0.0015850561643757826
2169.8020844004723 0.16393370919604036 0.007759175189151645
1776.519318210412 0.093211907994901 0.0076812482897514345
8185.091248077904 0.09104342817106761 0.009884505764481069
17913.59963567958 0.2758273322320888 0.003908810674658434
13716.070750348877 0.1547069811814098 0.00034662039100762706
6820.094203228326 0.2570754620127614 0.0244569159861102
2194.1539709941117 0.2570623480621607 0.028750258030293543
14325.811162522226 0.17504517141400766 0.027945750246829403
20305.019217296547 0.12681242919983418 0.01096724548732748
1639.3189185612246 0.19616294507189497 0.0010391029566964808
16050.87034742073 0.10475753520210362 0.022101242330748363
18673.15717731006 0.21811018368264315 0.012300005575061381
13554.869048460847 0.12199836775305187 0.005811547451977735
16837.05506681841 0.05189762931744274 0.032433683919009276
20950.28713936784 0.18389265222150356 0.03224576354622121
9178.080458905039 0.024338869362973563 0.021171758037465602
20573.941522624005 0.0351764269417441 0.031182027586453973
5663.854432573766 0.006434223425439044 0.012724970491364384
7595.74936655041 0.1817082132650538 0.006265230193373944
24390.22464540943 0.1648907942301721 0.03187170924297934
3449.1119874458673 0.1257341747102366 0.005103355845062238
13596.822955213018 0.05168300711680907 0.0009323006030011242
22154.394632111685 0.2486745170989417 0.004575334047981637
15063.473352145256 0.035249482917004984 0.028272535589275692
24154.55923798598 0.12052309206766683 0.016040439063571162
20733.247125737733 0.18625974475168092 0.018802462021098035
4548.364823145869 0.18386435855108235 0.015774864950258538
4905.080932901338 0.0372426391909168 0.02640993116483593
1231.4694358164538 0.25516139345041794 0.03392898920643413
22375.449703245802 0.26171655131606714 0.02154414495755437
19422.462403344347 0.21198896136357204 0.016006227672110674
20148.55359505622 0.162311883391024 0.027981677319960742
24679.050885694283 0.13597056098010518 0.02881784558514201
14642.347366356316 0.023563332232308748 0.008878087261384855
19306.989096200585 0.2492367374019469 0.0029835411208713413
8776.764828913667 0.06104979139474664 0.0298456658984943
8534.739882556974 0.09862973237899765 0.028966104012220203
15733.80842871474 0.1693970137720181 0.021510830901593163
11641.048947471467 0.23732509102776153 0.026414228861219476
3133.2219150340507 0.1296452117423391 0.030347986904265708
12660.72753452245 0.2767644110935854 0.033541298946613556
20694.608163526 0.13791965368123008 0.033440973586019926
22846.125079572037 0.19824188771152748 0.018333754608420995
14594.718693983028 0.17917741525693467 0.0012054330509347836
11805.321691363186 0.004831190124387091 0.03374540340038937
5356.330143049957 0.026682496377101596 0.02112693862712905
3996.675591024374 0.07803113613486581 0.023535606266519227
461.9794688675268 0.14500794280486595 0.010551580220454843
18744.880783881523 0.19663617024375626 0.014613415384483143
15698.468754986357 0.12663257409960801 0.005919897768783289
3656.8578207095247 0.23779874309928467 0.02504268992207069
22358.102501565027 0.16030467063610476 0.010338649320056705
292.98950927511686 0.003911596292243586 0.012163848997843155
1367.2036432656394 0.07463668834283226 0.010142392603916136
24661.025023818307 0.17791478138288358 0.033838665805143824
13750.410721076361 0.1838048594174206 0.023057044820216182
19628.632060281238 0.13716330914783165 0.009607208222579123
2361.0820428774146 0.12582580076609293 0.032402855988370075
12055.397890498412 0.07020667260491631 0.016435981185146685
19984.87169941124 0.01662744008275878 0.02162987868188557
9575.188920260254 0.2841424852565313 0.012987786720158769
14995.770522359013 0.21734819028475003 0.008000204081937306
5853.509938728088 0.06270281767108898 0.00823702054172485
4752.188766553962 0.07718943551429715 0.0046575961385377064
17058.53072799329 0.05777085868558838 0.0023794494091704246
14229.897039257858 0.04654427221398113 0.016524852979635084
22760.779029108133 0.21477858762110605 0.015313909883268844
22621.76597823896 0.097993743748662 0.03364229020350803
17715.517164524816 0.016944052372326157 0.011276108546128856
16718.330497799616 0.2761063657268976 0.019349094151976866
16623.950794121123 0.10532973218270351 0.008979563348694005
20731.25902008623 0.04094461140061952 0.032518180230898294
18488.771013701207 0.0217623868521579 0.009499316196791912
12158.433310644086 0.2296257013534727 0.02977057233132081
23833.347444483505 0.04637524444344656 0.010246689453378519
18822.902219251115 0.2780631881152341 0.011129383573771816
11019.277669895153 0.11625508306445302 0.015589682588235801
184.6449259857187 0.23356784859507998 0.015497238924512324
23755.575081379644 0.0569289836976195 0.032788110989129315
15946.074998359496 0.28518890885794435 0.013463821458711707
24480.4108270243 0.2727878168517532 0.01974751990870199
9581.786703209322 0.01710490654855253 0.013412636235113134
5527.2450871766405 0.22360281285700004 0.000862158647500473
9772.798638439846 0.0992962366270659 0.004460254715550835
12349.035034777713 0.2601222641984707 0.027022399290922698
7925.148508478605 0.07305756320871089 0.00964489983196199
11242.496324132497 0.23586977954530053 0.032987760716823716
17983.683450577366 0.22699660563958193 0.0032583672222347634
20725.219782513046 0.2165597301625893 0.004802769502128539
14697.91461259519 0.23196253992187882 0.033266937611780976
53.3276517305912 0.14881565139326264 0.010116969460843993
6762.568610348903 0.281277111656635 0.020612569184065618
5554.04740339402 0.2464224001622084 0.0289468404843443
20790.584466586235 0.042129793193906195 0.018686832238559808
2235.2681773415306 0.10637169169810415 0.02523631323246631
3100.9595036329542 0.17946879269028326 0.0024920694290369093
22393.439613014816 0.16186942599994694 0.012136581272318288
15906.7564079526 0.10574714214593554 0.008347366660359257
20162.923730719773 0.03355922185287993 0.027881305007579026
16221.823423274192 0.165190796409371 0.024089759273411192
6177.441929070459 0.10459875196367756 0.00535936968586968
7969.52117430582 0.2827862348396029 0.0132357721197152
18008.533443521876 0.28129509320260543 0.01554549833860987
17918.497559447693 0.07017374265914952 0.006585486539646428
12508.80081086114 0.10880700619181358 0.01627328872573656
21867.09736866922 0.2461515638351961 0.010010077662800971
16896.1163038893 0.13057038556858694 0.030593877960088705
4732.957508912994 0.11359919142272555 0.011654374619517922
1896.6380737523164 0.2621868383942297 0.03349630152307378
18508.890216580025 0.11717893364971496 0.023230682001845124
4674.779955797654 0.14172998301587833 0.029641822537806305
21494.914880949425 0.0894284231912361 0.03240970437029291
317.6233447882413 0.08433298854035087 0.022344341276867293
18325.011994014163 0.08020248343025684 0.0323333917991377
21842.462395668594 0.21773555854393098 0.025201547928892436
10256.62050094592 0.18214992882242276 0.02344367609237915
3306.1219867305886 0.12537584311327968 0.009161291726595208
12931.065972649649 0.2212387822309898 0.022956521552392185
14645.468866738553 0.06166621936569397 0.008642649150603662
15458.424037514562 0.034069850655621244 0.01909611278394574
15960.174619904239 0.17538807977818233 0.012349046549624798
16931.44312148149 0.10543975145648894 0.015735807311472897